1	0	3221225412	16653	9329	1	
2	0	0	16653	9329	1	
3	0	0	16653	9329	1	
4	0	0	16653	9329	1	
5	0	0	16653	9329	1	
6	0	0	16653	9329	1	
7	0	0	16653	9329	1	
8	0	0	16653	9329	1	
9	0	0	16653	9329	1	
10	0	0	16653	9329	1	
11	0	0	16653	9329	1	
12	0	0	16653	9329	1	
13	0	0	16653	9329	1	
14	0	0	16653	9329	1	
15	0	0	16653	9329	1	
16	0	0	16653	9329	1	
17	0	0	16653	9329	1	
18	0	0	16653	9329	1	
19	0	0	16653	9329	1	
20	0	0	16653	9329	1	
21	0	0	16653	9329	1	
22	0	0	16653	9329	1	
23	0	0	16653	9329	1	
24	0	0	16653	9330	1	
25	0	0	16653	9330	1	
26	0	0	16653	9330	1	
27	0	0	16653	9332	1	
28	0	0	16653	9332	1	
29	0	0	16653	9332	1	
30	0	0	16653	9334	1	
31	0	0	16654	9335	1	
32	0	0	16660	9340	1	
33	60	0	16676	9346	1	
34	60	0	16699	9356	1	
35	60	0	16726	9371	1	
36	120	60	16762	9389	1	
37	120	60	16805	9410	1	
38	180	60	16853	9436	1	
39	180	60	16910	9464	1	
40	180	120	16973	9496	1	
41	240	120	17044	9529	1	
42	240	120	17121	9567	1	
43	300	120	17205	9607	1	
44	300	120	17296	9651	1	
45	360	120	17396	9698	1	
46	360	180	17504	9750	1	
47	420	180	17617	9804	1	
48	420	180	17739	9861	1	
49	480	180	17868	9922	1	
50	480	240	18004	9987	1	
51	540	240	18148	10056	1	
52	540	240	18300	10129	1	
53	540	240	18457	10205	1	
54	600	300	18620	10285	1	
55	600	300	18792	10369	1	
56	660	300	18973	10457	1	
57	660	300	19162	10549	1	
58	720	300	19358	10645	1	
59	720	360	19564	10746	1	
60	780	360	19780	10851	1	
61	840	360	20004	10960	1	
62	840	420	20237	11073	1	
63	900	420	20479	11190	1	
64	900	420	20731	11312	1	
65	960	420	20992	11439	1	
66	960	480	21262	11570	1	
67	1020	480	21536	11706	1	
68	1020	480	21811	11847	1	
69	900	540	22060	11992	1	
70	1080	540	22355	12142	1	
71	1140	540	22670	12297	1	
72	1140	600	22990	12458	1	
73	600	600	23159	12622	1	
74	600	600	23323	12790	1	
75	840	600	23556	12965	1	
76	960	660	23824	13144	1	
77	780	660	24036	13328	1	
78	480	660	24174	13516	1	
79	720	720	24366	13710	1	
80	1440	540	24764	13865	1	
81	1500	420	25174	13982	1	
82	1560	240	25593	14054	1	
83	1620	720	26027	14254	1	
84	1620	360	26464	14356	1	
85	1560	780	26890	14574	1	
86	660	840	27080	14806	1	
87	1740	720	27544	15009	1	
88	1740	360	28019	15114	1	
89	1800	240	28506	15179	1	
90	1800	540	29002	15332	1	
91	1860	840	29509	15572	1	
92	1920	960	30026	15839	1	
93	1920	840	30551	16066	1	
94	1980	780	31081	16279	1	
95	1380	1020	31462	16564	1	
96	1560	1080	31885	16855	1	
97	1560	1080	32310	17152	1	
98	1560	1080	32737	17456	1	
99	3220981632	1140	4294935020	17768	1	
100	2160	1020	4294935602	18041	1	
101	2160	840	4294936193	18268	1	
102	2220	960	4294936797	18531	1	
103	2280	900	4294937411	18785	1	
104	2280	1020	4294938036	19063	1	
105	2340	1020	4294938676	19337	1	
106	2400	1080	4294939332	19636	1	
107	2040	1320	4294939892	19999	1	
108	1800	1320	4294940382	20364	1	
109	1920	1380	4294940910	20738	1	
110	2400	1380	4294941566	21120	1	
111	2520	1440	4294942252	21508	1	
112	2580	1440	4294942954	21903	1	
113	2640	1440	4294943669	22303	1	
114	2700	1500	4294944392	22712	1	
115	2700	1500	4294945124	23129	1	
116	2760	1560	4294945862	23554	1	
117	2760	1620	4294946611	23990	1	
118	2820	1620	4294947369	24428	1	
119	2820	1620	4294948136	24871	1	
120	2880	1680	4294948912	25322	1	
121	2880	1680	4294949694	25780	1	
122	2940	1680	4294950484	26244	1	
123	2940	1740	4294951282	26716	1	
124	3000	1800	4294952088	27197	1	
125	3000	1800	4294952900	27688	1	
126	3060	1800	4294953720	28180	1	
127	3060	1860	4294954548	28682	1	
128	3120	1860	4294955384	29192	1	
129	3120	1920	4294956228	29708	1	
130	3120	1920	4294957076	30233	1	
131	3180	1980	4294957933	30764	1	
132	3180	1980	4294958799	31303	1	
133	3240	1980	4294959673	31847	1	
134	3240	2040	4294960549	32401	1	
135	3240	3220981812	4294961424	4294934724	1	
136	3300	2100	4294962310	4294935291	1	
137	3360	2100	4294963209	4294935868	1	
138	3360	2160	4294964116	4294936451	1	
139	3360	2160	4294965031	4294937041	1	
140	3420	2220	4294965952	4294937640	1	
141	3420	2220	4294966878	4294938246	1	
142	3480	2280	516	4294938858	1	
143	3480	2280	1454	4294939475	1	
144	3480	2280	2399	4294940100	1	
145	3540	2340	3351	4294940734	1	
146	3540	2400	4308	4294941376	1	
147	3600	2400	5272	4294942033	1	
148	3600	2520	6242	4294942707	1	
149	3600	2580	7218	4294943396	1	
150	3660	2580	8202	4294944100	1	
151	3660	2640	9187	4294944817	1	
152	3660	2700	10178	4294945544	1	
153	3720	2700	11178	4294946281	1	
154	3720	2760	12182	4294947027	1	
155	3720	2820	13191	4294947784	1	
156	3780	2820	14205	4294948549	1	
157	3780	2880	15226	4294949324	1	
158	3840	2880	16253	4294950109	1	
159	3840	2940	17284	4294950898	1	
160	3840	3000	18324	4294951700	1	
161	3900	3000	19369	4294952514	1	
162	3900	3060	20418	4294953336	1	
163	3900	3060	21472	4294954169	1	
164	3960	3120	22532	4294955004	1	
165	3960	3120	23598	4294955850	1	
166	3960	3180	24669	4294956704	1	
167	4020	3180	25744	4294957565	1	
168	4020	3240	26828	4294958434	1	
169	4020	3240	27912	4294959312	1	
170	4020	3300	29002	4294960203	1	
171	4080	3300	30096	4294961099	1	
172	4080	3360	31195	4294962002	1	
173	4080	3420	32298	4294962918	1	
174	3220983792	3420	4294935164	4294963840	1	
175	4140	3420	4294936272	4294964768	1	
176	4140	3480	4294937388	4294965702	1	
177	4140	3480	4294938506	4294966644	1	
178	4140	3540	4294939627	296	1	
179	4200	3540	4294940752	1249	1	
180	4200	3540	4294941883	2210	1	
181	4200	3600	4294943021	3179	1	
182	4260	3600	4294944162	4154	1	
183	4260	3660	4294945310	5139	1	
184	4260	3660	4294946462	6123	1	
185	4260	3660	4294947618	7118	1	
186	4320	3720	4294948776	8118	1	
187	4320	3720	4294949938	9122	1	
188	4320	3720	4294951104	10131	1	
189	4380	3780	4294952276	11148	1	
190	4380	3780	4294953449	12169	1	
191	4380	3840	4294954625	13196	1	
192	4380	3840	4294955802	14229	1	
193	4380	3840	4294956984	15271	1	
194	4380	3900	4294958170	16316	1	
195	4440	3900	4294959359	17369	1	
196	4440	3900	4294960551	18426	1	
197	4440	3960	4294961749	19490	1	
198	4440	3960	4294962948	20559	1	
199	4500	3960	4294964153	21630	1	
200	4500	4020	4294965363	22708	1	
201	4500	4020	4294966574	23790	1	
202	4500	4020	493	24878	1	
203	4560	4080	1715	25974	1	
204	4560	4080	2936	27071	1	
205	4560	4080	4162	28173	1	
206	4560	4140	5389	29281	1	
207	4560	4140	6620	30393	1	
208	4560	4140	7852	31510	1	
209	4620	4200	9088	32634	1	
210	4620	3220983912	10327	4294935519	1	
211	4620	4200	11570	4294936650	1	
212	4620	4200	12816	4294937787	1	
213	4620	4260	14062	4294938928	1	
214	4620	4260	15314	4294940075	1	
215	4680	4260	16570	4294941224	1	
216	4680	4260	17828	4294942377	1	
217	4680	4320	19090	4294943534	1	
218	4680	4320	20354	4294944696	1	
219	4740	4320	21622	4294945863	1	
220	4740	4380	22892	4294947035	1	
221	4740	4380	24163	4294948212	1	
222	4740	4380	25439	4294949394	1	
223	4740	4380	26718	4294950580	1	
224	4740	4440	28000	4294951768	1	
225	4800	4440	29289	4294952963	1	
226	4800	4440	30579	4294954162	1	
227	4800	4440	31872	4294955365	1	
228	3220984512	4500	4294934930	4294956571	1	
229	4860	4500	4294936243	4294957782	1	
230	4860	4500	4294937558	4294958998	1	
231	4860	4500	4294938872	4294960217	1	
232	4860	4560	4294940185	4294961440	1	
233	4860	4560	4294941498	4294962668	1	
234	4860	4560	4294942812	4294963901	1	
235	4860	4620	4294944124	4294965139	1	
236	4920	4620	4294945444	4294966387	1	
237	4860	4620	4294946759	340	1	
238	4860	4680	4294948072	1592	1	
239	4860	4680	4294949386	2852	1	
240	4860	4680	4294950700	4115	1	
241	4860	4740	4294952012	5382	1	
242	4860	4740	4294953325	6656	1	
243	4860	4740	4294954638	7937	1	
244	4980	4800	4294955975	9225	1	
245	4980	4860	4294957320	10525	1	
246	5040	4860	4294958670	11836	1	
247	5040	4860	4294960028	13149	1	
248	5100	4920	4294961395	14478	1	
249	5100	4980	4294962773	15822	1	
250	5160	5040	4294964162	17178	1	
251	5220	5100	4294965564	18546	1	
252	5280	5160	4294966980	19930	1	
253	5280	5160	1111	21324	1	
254	5340	5220	2554	22735	1	
255	5400	5280	4004	24154	1	

1	0	0	4227	24324	1	
2	0	0	4227	24324	1	
3	0	0	4227	24324	1	
4	0	0	4227	24324	1	
5	0	0	4227	24324	1	
6	0	0	4227	24324	1	
7	0	0	4227	24324	1	
8	0	0	4227	24324	1	
9	0	0	4227	24324	1	
10	0	0	4227	24324	1	
11	0	0	4227	24324	1	
12	0	0	4227	24324	1	
13	0	0	4227	24324	1	
14	0	0	4227	24324	1	
15	0	0	4227	24324	1	
16	0	0	4227	24324	1	
17	0	0	4227	24324	1	
18	0	0	4227	24324	1	
19	0	0	4227	24324	1	
20	0	0	4227	24324	1	
21	0	0	4227	24324	1	
22	0	0	4227	24324	1	
23	0	0	4227	24324	1	
24	0	0	4227	24324	1	
25	0	0	4227	24324	1	
26	0	0	4228	24324	1	
27	0	0	4228	24326	1	
28	0	0	4228	24326	1	
29	0	0	4229	24326	1	
30	0	0	4232	24326	1	
31	0	0	4232	24326	1	
32	0	0	4232	24328	1	
33	0	0	4242	24332	1	
34	60	0	4264	24342	1	
35	120	60	4297	24359	1	
36	120	60	4335	24381	1	
37	120	60	4380	24407	1	
38	180	60	4436	24439	1	
39	180	120	4497	24474	1	
40	240	120	4565	24514	1	
41	240	120	4641	24560	1	
42	300	180	4726	24609	1	
43	300	180	4818	24662	1	
44	360	180	4917	24720	1	
45	360	240	5025	24784	1	
46	420	240	5142	24852	1	
47	420	240	5264	24926	1	
48	480	240	5396	25004	1	
49	480	300	5537	25086	1	
50	540	300	5686	25175	1	
51	540	300	5844	25267	1	
52	600	360	6010	25364	1	
53	660	360	6186	25465	1	
54	660	360	6372	25572	1	
55	720	360	6566	25683	1	
56	720	420	6768	25799	1	
57	780	420	6978	25921	1	
58	780	420	7195	26047	1	
59	840	480	7422	26179	1	
60	840	480	7658	26317	1	
61	900	480	7904	26458	1	
62	900	540	8158	26605	1	
63	960	540	8424	26758	1	
64	1020	540	8699	26916	1	
65	1020	600	8984	27080	1	
66	1080	600	9275	27249	1	
67	1080	600	9578	27424	1	
68	1140	660	9891	27606	1	
69	1200	660	10215	27792	1	
70	1200	720	10549	27986	1	
71	1260	720	10893	28184	1	
72	1320	720	11247	28390	1	
73	1320	780	11610	28601	1	
74	1380	780	11984	28818	1	
75	1380	780	12366	29042	1	
76	1440	840	12759	29271	1	
77	1500	840	13160	29506	1	
78	1500	900	13574	29748	1	
79	1560	900	13995	29996	1	
80	1560	900	14426	30252	1	
81	1620	960	14864	30513	1	
82	1620	960	15302	30781	1	
83	1680	1020	15758	31056	1	
84	1740	1020	16226	31336	1	
85	1740	1080	16702	31625	1	
86	1800	1080	17188	31922	1	
87	1800	1080	17684	32224	1	
88	1860	1140	18191	32534	1	
89	1920	3220980852	18707	4294934610	1	
90	1920	1200	19231	4294934934	1	
91	1980	1200	19764	4294935265	1	
92	1980	1260	20308	4294935606	1	
93	2040	1260	20860	4294935954	1	
94	2100	1320	21424	4294936310	1	
95	2100	1320	21994	4294936675	1	
96	2160	1380	22576	4294937049	1	
97	2160	1380	23165	4294937431	1	
98	2220	1440	23763	4294937820	1	
99	2220	1440	24369	4294938217	1	
100	2280	1500	24987	4294938624	1	
101	2340	1500	25616	4294939039	1	
102	2400	1560	26259	4294939462	1	
103	2400	1560	26915	4294939895	1	
104	2400	1620	27571	4294940334	1	
105	2400	1680	28228	4294940785	1	
106	2520	1680	28905	4294941243	1	
107	2580	1680	29596	4294941707	1	
108	2580	1740	30296	4294942181	1	
109	2640	1800	31004	4294942664	1	
110	2640	1800	31720	4294943155	1	
111	2700	1860	32444	4294943653	1	
112	3220982412	1860	4294934936	4294944160	1	
113	2760	1860	4294935676	4294944673	1	
114	2760	1920	4294936426	4294945197	1	
115	2820	1920	4294937181	4294945725	1	
116	2820	1980	4294937944	4294946262	1	
117	2880	1980	4294938716	4294946806	1	
118	2880	2040	4294939495	4294947360	1	
119	2940	2100	4294940282	4294947922	1	
120	2940	2100	4294941077	4294948490	1	
121	2940	2100	4294941878	4294949067	1	
122	3000	2160	4294942688	4294949650	1	
123	3000	2160	4294943504	4294950242	1	
124	3060	2220	4294944326	4294950842	1	
125	3060	2220	4294945156	4294951448	1	
126	3120	2280	4294945992	4294952064	1	
127	3120	2280	4294946836	4294952688	1	
128	3180	2340	4294947690	4294953320	1	
129	3180	2340	4294948548	4294953959	1	
130	3180	2400	4294949415	4294954606	1	
131	3240	2400	4294950290	4294955263	1	
132	3240	2400	4294951166	4294955919	1	
133	3240	2400	4294952041	4294956576	1	
134	3300	2460	4294952930	4294957246	1	
135	3300	2520	4294953827	4294957927	1	
136	3360	2520	4294954732	4294958616	1	
137	3360	2580	4294955643	4294959314	1	
138	3420	2580	4294956560	4294960018	1	
139	3420	2640	4294957484	4294960730	1	
140	3420	2640	4294958413	4294961447	1	
141	3480	2700	4294959349	4294962172	1	
142	3480	2700	4294960294	4294962904	1	
143	3540	2760	4294961244	4294963644	1	
144	3540	2760	4294962199	4294964390	1	
145	3540	2760	4294963160	4294965144	1	
146	3600	2820	4294964128	4294965905	1	
147	3600	2820	4294965101	4294966674	1	
148	3660	2880	4294966080	153	1	
149	3660	2880	4294967065	939	1	
150	3660	2940	760	1730	1	
151	3720	3000	1756	2540	1	
152	3720	3060	2758	3362	1	
153	3720	3060	3765	4192	1	
154	3780	3120	4778	5033	1	
155	3780	3120	5796	5884	1	
156	3780	3180	6818	6748	1	
157	3780	3240	7845	7620	1	
158	3840	3240	8875	8500	1	
159	3840	3300	9909	9385	1	
160	3840	3300	10948	10280	1	
161	3900	3360	11995	11182	1	
162	3900	3360	13045	12089	1	
163	3900	3360	14102	13003	1	
164	3960	3420	15165	13924	1	
165	3960	3420	16233	14850	1	
166	3960	3480	17306	15788	1	
167	4020	3480	18384	16729	1	
168	4020	3540	19465	17678	1	
169	4020	3540	20552	18631	1	
170	4080	3540	21642	19588	1	
171	4080	3600	22736	20554	1	
172	4080	3600	23836	21524	1	
173	4080	3600	24940	22501	1	
174	4140	3660	26049	23488	1	
175	4140	3660	27162	24472	1	
176	4140	3660	28279	25462	1	
177	4140	3720	29400	26457	1	
178	4200	3720	30524	27461	1	
179	4200	3720	31648	28469	1	
180	3220983912	3780	4294934536	29485	1	
181	4200	3780	4294935664	30504	1	
182	4260	3840	4294936804	31537	1	
183	4260	3840	4294937948	32578	1	
184	4260	3220983612	4294939099	4294935382	1	
185	4320	3900	4294940255	4294936433	1	
186	4320	3900	4294941413	4294937489	1	
187	4320	3960	4294942575	4294938551	1	
188	4320	3960	4294943742	4294939619	1	
189	4320	3960	4294944911	4294940692	1	
190	4380	4020	4294946084	4294941770	1	
191	4380	4020	4294947260	4294942854	1	
192	4380	4020	4294948440	4294943942	1	
193	4380	4080	4294949622	4294945034	1	
194	4380	4080	4294950808	4294946135	1	
195	4440	4080	4294951996	4294947240	1	
196	4440	4140	4294953190	4294948349	1	
197	4440	4140	4294954387	4294949462	1	
198	4440	4140	4294955587	4294950580	1	
199	4440	4200	4294956790	4294951706	1	
200	4500	4200	4294957997	4294952833	1	
201	4500	4200	4294959208	4294953965	1	
202	4500	4200	4294960420	4294955100	1	
203	4500	4260	4294961637	4294956242	1	
204	4500	4260	4294962856	4294957385	1	
205	4560	4260	4294964078	4294958533	1	
206	4560	4260	4294965303	4294959685	1	
207	4560	4320	4294966531	4294960841	1	
208	4560	4320	465	4294962004	1	
209	4560	4320	1696	4294963168	1	
210	4560	4320	2931	4294964337	1	
211	4620	4380	4168	4294965510	1	
212	4620	4380	5411	4294966687	1	
213	4620	4380	6656	572	1	
214	4620	4380	7904	1754	1	
215	4620	4440	9154	2941	1	
216	4680	4440	10407	4131	1	
217	4680	4440	11661	5326	1	
218	4680	4440	12918	6524	1	
219	4680	4440	14179	7725	1	
220	4680	4440	15444	8927	1	
221	4740	4500	16713	10136	1	
222	4740	4500	17984	11346	1	
223	4740	4500	19257	12561	1	
224	4740	4500	20534	13778	1	
225	4740	4560	21814	15001	1	
226	4740	4560	23096	16227	1	
227	4800	4560	24381	17459	1	
228	4800	4560	25670	18692	1	
229	4800	4620	26959	19929	1	
230	4800	4620	28252	21164	1	
231	4800	4620	29548	22406	1	
232	4860	4620	30860	23649	1	
233	4860	4620	32172	24898	1	
234	3220984572	4680	4294935244	26153	1	
235	4860	4680	4294936558	27412	1	
236	4860	4680	4294937871	28673	1	
237	4920	4680	4294939188	29942	1	
238	4860	4740	4294940500	31211	1	
239	4860	4740	4294941815	32488	1	
240	4860	3220984452	4294943128	4294935528	1	
241	4860	4800	4294944442	4294936812	1	
242	4860	4800	4294945755	4294938102	1	
243	4860	4800	4294947068	4294939399	1	
244	4860	4860	4294948381	4294940710	1	
245	4980	4860	4294949713	4294942026	1	
246	4980	4860	4294951055	4294943339	1	
247	4980	4920	4294952406	4294944668	1	
248	5040	4980	4294953761	4294946008	1	
249	5100	5040	4294955131	4294947361	1	
250	5100	5100	4294956512	4294948728	1	
251	5160	5100	4294957904	4294950105	1	
252	5220	5160	4294959306	4294951494	1	
253	5280	5220	4294960722	4294952897	1	
254	5280	5280	4294962147	4294954310	1	
255	5340	5280	4294963582	4294955733	1	